0 0.307414 0.529340 0.047016 0.072653
0 0.830715 0.612056 0.071617 0.062139
0 0.853082 0.942514 0.107055 0.108250
0 0.273965 0.839493 0.085648 0.135764
0 0.874926 0.697778 0.079148 0.081972
0 0.507133 0.464465 0.040359 0.037986
0 0.423809 0.421687 0.037070 0.034153
0 0.668086 0.521965 0.043828 0.044931
0 0.340457 0.421069 0.031586 0.039028
0 0.382117 0.624201 0.050766 0.077236
0 0.985582 0.636264 0.028383 0.087583
0 0.639145 0.561507 0.038602 0.050625
0 0.566594 0.448417 0.044063 0.026778
0 0.239656 0.521167 0.040266 0.063167
0 0.563035 0.492479 0.046336 0.032542
0 0.344555 0.410972 0.020922 0.019528
0 0.254660 0.403875 0.025258 0.021972
0 0.231328 0.398007 0.012031 0.021542
0 0.190273 0.393222 0.020391 0.018000
0 0.178797 0.415715 0.011469 0.023931
0 0.194648 0.442222 0.015703 0.026667
0 0.192668 0.474687 0.012008 0.037708
0 0.296609 0.465611 0.046813 0.048861
0 0.345859 0.492674 0.045469 0.044236
0 0.596719 0.641319 0.077328 0.089028
0 0.433016 0.898049 0.103500 0.198375
