0 0.682031 0.497563 0.052500 0.052875
0 0.506953 0.426299 0.104688 0.084097
0 0.627773 0.873882 0.123672 0.195625
0 0.469102 0.968042 0.109453 0.063917
0 0.177891 0.444576 0.018031 0.070569
0 0.275516 0.489354 0.040297 0.050625
0 0.321156 0.477861 0.041984 0.038361
0 0.373641 0.510847 0.044234 0.049028
0 0.259789 0.947153 0.102484 0.105694
0 0.194766 0.435729 0.024844 0.060736
0 0.180969 0.398847 0.019703 0.016222
0 0.202758 0.392903 0.012656 0.015917
0 0.220668 0.395556 0.020398 0.020889
0 0.251781 0.402139 0.024344 0.018972
0 0.282934 0.402215 0.026758 0.022014
0 0.709703 0.551840 0.060687 0.062014
0 0.821996 0.559021 0.068773 0.055764
0 0.424316 0.566549 0.052336 0.080403
0 0.301055 0.650069 0.051656 0.093056
0 0.332496 0.536979 0.043039 0.062375
0 0.778430 0.655236 0.084578 0.071583
0 0.302277 0.419910 0.024773 0.020375
0 0.343723 0.434361 0.026852 0.020417
0 0.363160 0.413951 0.025945 0.022014
0 0.388199 0.427938 0.031727 0.028125
0 0.657973 0.443160 0.113445 0.080431
0 0.567648 0.498556 0.055547 0.091250
0 0.800590 0.506889 0.063258 0.047667
0 0.955594 0.604542 0.060469 0.071000
0 0.258871 0.546056 0.041852 0.098833
0 0.565293 0.478840 0.051898 0.052153
