0 0.401203 0.416181 0.035062 0.027917
0 0.293238 0.778486 0.072430 0.150000
0 0.737738 0.492535 0.051555 0.051847
0 0.748547 0.577972 0.070609 0.064361
0 0.544289 0.733528 0.073797 0.110306
0 0.301063 0.596229 0.042797 0.074347
0 0.897281 0.460250 0.070922 0.064389
0 0.508844 0.566375 0.054641 0.063167
0 0.328020 0.541375 0.038570 0.062972
0 0.292254 0.506646 0.039008 0.062097
0 0.251699 0.551090 0.041086 0.049458
0 0.913605 0.577306 0.082945 0.086500
0 0.333816 0.486021 0.042555 0.046042
0 0.329988 0.417250 0.025602 0.034167
0 0.390480 0.637313 0.086320 0.185125
0 0.430922 0.572132 0.035422 0.065208
0 0.432477 0.508535 0.051359 0.061486
0 0.733098 0.800389 0.123648 0.178583
0 0.371563 0.476021 0.038281 0.037375
0 0.380883 0.439792 0.016953 0.020972
0 0.310922 0.414611 0.017422 0.025694
0 0.291547 0.437611 0.034063 0.041889
0 0.259961 0.408035 0.030328 0.017514
0 0.278023 0.399750 0.009219 0.013056
0 0.212516 0.404056 0.018672 0.016667
0 0.190367 0.392319 0.007656 0.014583
0 0.203688 0.391618 0.007422 0.011542
0 0.181500 0.422451 0.008672 0.016264
