0 0.499172 0.484139 0.047953 0.051556
0 0.535383 0.438597 0.040016 0.028583
0 0.474062 0.415160 0.047297 0.027653
0 0.446281 0.466271 0.035156 0.033125
0 0.391254 0.439833 0.033445 0.036056
0 0.375660 0.426625 0.026852 0.029361
0 0.314055 0.416958 0.030734 0.026194
0 0.262488 0.412694 0.028289 0.027639
0 0.237672 0.402174 0.025672 0.024597
0 0.188773 0.397431 0.020969 0.018972
0 0.170785 0.392611 0.016086 0.015111
0 0.217613 0.438806 0.028039 0.030833
0 0.179711 0.420833 0.010625 0.018472
0 0.197055 0.439167 0.011094 0.031528
0 0.262641 0.450347 0.040391 0.026667
0 0.240492 0.467639 0.036406 0.034583
0 0.200687 0.478889 0.036641 0.051528
0 0.447281 0.573403 0.053781 0.065833
0 0.610254 0.474090 0.050336 0.051625
0 0.596523 0.529813 0.038641 0.048931
0 0.397578 0.657521 0.069687 0.137236
0 0.929129 0.608486 0.083602 0.075306
0 0.676910 0.580743 0.062211 0.066819
0 0.522504 0.693181 0.066523 0.116250
0 0.682719 0.721694 0.086203 0.128083
0 0.811191 0.676153 0.085023 0.082917
0 0.284766 0.632736 0.052000 0.076028
0 0.346680 0.467403 0.036906 0.027972
0 0.342199 0.494618 0.043930 0.042819
0 0.329676 0.547007 0.049617 0.058514
0 0.275648 0.591535 0.046359 0.061958
0 0.237172 0.520069 0.039297 0.042778
0 0.282738 0.782111 0.078508 0.169556
0 0.663152 0.476292 0.043758 0.030861
0 0.936516 0.692208 0.085641 0.076556
0 0.979398 0.580125 0.041125 0.071694
0 0.856035 0.962222 0.078477 0.075556
0 0.277180 0.993750 0.078609 0.012500
0 0.676781 0.960625 0.109812 0.078750
0 0.542895 0.584437 0.073898 0.111069
