0 0.308668 0.521285 0.039961 0.057486
0 0.443539 0.502944 0.049437 0.066778
0 0.401004 0.677424 0.060992 0.114903
0 0.657918 0.699174 0.088586 0.113542
0 0.467348 0.438743 0.040352 0.050375
0 0.628617 0.510549 0.052250 0.047597
0 0.920125 0.651618 0.100234 0.102764
0 0.766156 0.642278 0.077375 0.085111
0 0.498109 0.628722 0.066484 0.102194
0 0.597602 0.826569 0.094047 0.139778
0 0.296430 0.414972 0.029328 0.025500
0 0.663008 0.967556 0.113516 0.064889
0 0.703582 0.509931 0.056852 0.031250
0 0.538336 0.499458 0.057672 0.050056
0 0.418672 0.434785 0.039531 0.028347
0 0.346750 0.424528 0.031500 0.019778
0 0.887445 0.929931 0.176047 0.140139
0 0.709820 0.494472 0.041312 0.038889
0 0.550273 0.463083 0.035859 0.029667
0 0.466484 0.424028 0.033172 0.019167
0 0.405742 0.416153 0.008594 0.016389
0 0.351598 0.407076 0.024492 0.017514
0 0.263328 0.416639 0.018266 0.015750
0 0.238152 0.403937 0.017086 0.015097
0 0.218945 0.406917 0.017891 0.012694
0 0.188027 0.394618 0.014102 0.013181
0 0.173754 0.400472 0.014836 0.012667
0 0.199918 0.452021 0.025398 0.030153
0 0.249770 0.448618 0.035789 0.034708
0 0.256910 0.483646 0.035617 0.039847
0 0.332977 0.483965 0.044563 0.044347
0 0.378895 0.480674 0.040945 0.034236
0 0.376320 0.520368 0.045922 0.049653
0 0.371836 0.587653 0.046719 0.076750
0 0.532133 0.584847 0.058469 0.069139
0 0.648074 0.573160 0.056930 0.038792
0 0.228750 0.921972 0.106563 0.156056
