0 0.196859 0.439597 0.019141 0.022083
0 0.222082 0.416806 0.031977 0.045694
0 0.504418 0.446507 0.127273 0.129931
0 0.367492 0.513569 0.048047 0.048611
0 0.428301 0.503903 0.043805 0.046917
0 0.438555 0.442076 0.031641 0.027125
0 0.359078 0.420569 0.022266 0.018083
0 0.348129 0.433875 0.034727 0.023306
0 0.866848 0.720812 0.096039 0.097514
0 0.560852 0.510090 0.048672 0.048569
0 0.289469 0.501903 0.037484 0.041806
0 0.697781 0.591556 0.142875 0.134139
0 0.779273 0.545604 0.044672 0.039958
0 0.745027 0.559569 0.055695 0.054778
0 0.396125 0.691528 0.059344 0.093444
0 0.659371 0.514181 0.059820 0.047861
0 0.240484 0.466326 0.041906 0.049708
0 0.502387 0.554028 0.049195 0.056472
0 0.267316 0.539250 0.040164 0.069194
0 0.620637 0.550562 0.052273 0.055542
0 0.173187 0.413542 0.010703 0.016944
0 0.206082 0.486118 0.032602 0.060264
0 0.452734 0.957292 0.122813 0.085417
