0 0.215602 0.397764 0.014172 0.016389
0 0.254230 0.460417 0.036164 0.034444
0 0.286059 0.407014 0.029148 0.025167
0 0.325500 0.418417 0.031828 0.027333
0 0.379906 0.425319 0.028187 0.024472
0 0.365004 0.437847 0.037258 0.032833
0 0.430855 0.421431 0.036773 0.032250
0 0.516148 0.437993 0.050219 0.046375
0 0.833320 0.549160 0.091344 0.071375
0 0.971109 0.720910 0.057781 0.107958
0 0.249168 0.520486 0.047758 0.080972
0 0.289754 0.598160 0.081539 0.174931
0 0.595125 0.528715 0.048922 0.060597
0 0.722699 0.548438 0.064523 0.070153
0 0.342871 0.543014 0.040086 0.067778
0 0.353422 0.465382 0.048797 0.066292
0 0.440617 0.581764 0.052109 0.067083
0 0.447813 0.457743 0.046500 0.048264
0 0.626020 0.499549 0.052102 0.053181
0 0.491508 0.462472 0.038531 0.040222
0 0.532348 0.674667 0.070008 0.105194
0 0.499820 0.556868 0.065250 0.073042
0 0.839027 0.618604 0.091758 0.080875
0 0.176359 0.393354 0.021063 0.015264
0 0.201031 0.399694 0.024125 0.015750
0 0.243836 0.430229 0.039422 0.031486
