0 0.326355 0.416861 0.034852 0.035861
0 0.462691 0.949444 0.114289 0.095083
0 0.497332 0.481389 0.042758 0.038750
0 0.686523 0.742688 0.090188 0.116347
0 0.271941 0.832722 0.080508 0.161889
0 0.275813 0.707993 0.062688 0.101264
0 0.608117 0.889674 0.110719 0.182292
0 0.768801 0.568944 0.067367 0.067306
0 0.814422 0.519597 0.059906 0.057917
0 0.193281 0.399410 0.017813 0.017931
0 0.772852 0.652861 0.078312 0.090583
0 0.635223 0.557438 0.058961 0.051931
0 0.240238 0.409368 0.024930 0.019403
0 0.965617 0.707667 0.064375 0.065278
0 0.265789 0.407625 0.024781 0.019417
0 0.239531 0.535486 0.038281 0.046250
0 0.274180 0.489042 0.043812 0.040222
0 0.307820 0.468715 0.041141 0.042153
0 0.397559 0.448396 0.038648 0.029125
0 0.426680 0.436819 0.042281 0.032861
0 0.563406 0.445875 0.024625 0.028139
0 0.596543 0.462840 0.035633 0.031681
0 0.478996 0.610833 0.070852 0.098306
0 0.379297 0.617528 0.066719 0.099500
0 0.556945 0.474514 0.055016 0.035417
0 0.762918 0.409319 0.037430 0.050444
