0 0.776590 0.419215 0.047711 0.048625
0 0.528711 0.726479 0.068359 0.103097
0 0.718422 0.604090 0.064609 0.080347
0 0.850078 0.562396 0.061766 0.079153
0 0.785410 0.561993 0.099039 0.095264
0 0.276934 0.604681 0.046836 0.076667
0 0.456922 0.587201 0.055906 0.070347
0 0.591023 0.523118 0.037328 0.045514
0 0.386320 0.626479 0.060344 0.094069
0 0.482926 0.471910 0.041492 0.029542
0 0.575605 0.480167 0.052039 0.051056
0 0.613719 0.476444 0.036594 0.034639
0 0.306184 0.413299 0.020102 0.019597
0 0.482750 0.459958 0.040453 0.051111
0 0.171172 0.396819 0.014562 0.012444
0 0.184617 0.390479 0.021859 0.015181
0 0.213941 0.399438 0.023102 0.016681
0 0.249172 0.395951 0.028812 0.022153
0 0.265121 0.481076 0.048727 0.052514
0 0.345477 0.491660 0.047031 0.055764
0 0.455746 0.521188 0.052195 0.055764
0 0.258508 0.553556 0.043141 0.057944
0 0.374746 0.441549 0.036555 0.032319
0 0.406141 0.432222 0.036359 0.029667
0 0.819023 0.919042 0.166797 0.161917
0 0.430926 0.934243 0.143805 0.131514
