0 0.372496 0.410264 0.030367 0.023333
0 0.409402 0.675194 0.059086 0.113833
0 0.284801 0.690958 0.060633 0.132806
0 0.340656 0.542938 0.051359 0.061986
0 0.850840 0.694007 0.089523 0.083181
0 0.521508 0.653722 0.071312 0.110250
0 0.267227 0.587076 0.047422 0.076542
0 0.700340 0.598917 0.066695 0.071306
0 0.176313 0.396069 0.016469 0.015056
0 0.250449 0.916278 0.098727 0.167444
0 0.366016 0.432972 0.040141 0.030944
0 0.313867 0.422576 0.029781 0.026542
0 0.312047 0.404264 0.026422 0.020000
0 0.877773 0.645674 0.082687 0.071264
0 0.576258 0.483083 0.050875 0.052889
0 0.715336 0.513646 0.055375 0.059792
0 0.774734 0.870417 0.118641 0.148306
0 0.674184 0.959167 0.126320 0.081667
0 0.978816 0.583403 0.042367 0.118750
0 0.597668 0.467813 0.031867 0.034319
0 0.443027 0.462972 0.040898 0.036139
0 0.459605 0.449736 0.023961 0.032056
0 0.487984 0.434681 0.035219 0.037222
0 0.420312 0.548847 0.058109 0.074639
0 0.493969 0.552521 0.057000 0.058653
0 0.236535 0.522660 0.037133 0.055764
0 0.263938 0.482875 0.037719 0.042806
0 0.230402 0.455444 0.041133 0.039583
0 0.264102 0.397465 0.024078 0.019153
0 0.243594 0.406715 0.029297 0.023875
0 0.210797 0.404347 0.017437 0.019139
0 0.225805 0.390257 0.025641 0.029264
0 0.456187 0.604014 0.051344 0.077194
