0 0.969379 0.717500 0.061242 0.098333
0 0.262461 0.547986 0.043828 0.065028
0 0.314484 0.479438 0.042547 0.034986
0 0.385078 0.486104 0.047969 0.041653
0 0.621883 0.457785 0.050047 0.030986
0 0.634066 0.482104 0.042555 0.028319
0 0.614758 0.503437 0.051547 0.047653
0 0.323191 0.420340 0.029492 0.023431
0 0.302480 0.403333 0.032836 0.019528
0 0.274398 0.407604 0.023328 0.021014
0 0.214535 0.394104 0.015461 0.016708
0 0.196543 0.394910 0.019617 0.017347
0 0.825617 0.553174 0.072453 0.071042
0 0.227098 0.929722 0.106586 0.140556
0 0.431262 0.946903 0.130867 0.106194
0 0.765852 0.602361 0.068687 0.075500
0 0.559059 0.775174 0.082117 0.124764
0 0.835090 0.689382 0.090305 0.084542
0 0.485961 0.466681 0.033984 0.043111
0 0.555629 0.460847 0.035242 0.038972
0 0.282715 0.652715 0.056102 0.099875
0 0.323359 0.515882 0.047531 0.090819
0 0.502848 0.649896 0.069930 0.107847
0 0.245195 0.468882 0.037844 0.045958
0 0.352063 0.438153 0.024984 0.019639
0 0.396699 0.429840 0.020930 0.020986
0 0.474445 0.467375 0.056922 0.043306
