0 0.338211 0.525931 0.062266 0.090028
0 0.438078 0.582187 0.048578 0.062819
0 0.623305 0.679708 0.078016 0.101861
0 0.292566 0.503799 0.040148 0.049764
0 0.552844 0.472118 0.052297 0.055625
0 0.262273 0.898542 0.121719 0.191667
0 0.778332 0.642958 0.087617 0.117111
0 0.842543 0.615944 0.072773 0.069472
0 0.616543 0.497646 0.051570 0.059653
0 0.285625 0.625569 0.053938 0.103528
0 0.736105 0.518403 0.052773 0.050639
0 0.700043 0.537701 0.057023 0.058625
0 0.476270 0.632667 0.059898 0.081889
0 0.543602 0.581562 0.063328 0.079375
0 0.191465 0.474056 0.013164 0.039667
0 0.265855 0.417486 0.020148 0.014139
0 0.299297 0.406076 0.026844 0.017347
0 0.323930 0.448181 0.040672 0.040167
0 0.341328 0.419736 0.027391 0.018639
0 0.368398 0.440069 0.025672 0.024583
0 0.404105 0.449465 0.035070 0.027653
0 0.463539 0.454764 0.036422 0.027000
0 0.515559 0.435806 0.045742 0.030528
0 0.569969 0.453118 0.021062 0.022181
0 0.659547 0.471688 0.053469 0.033986
0 0.385598 0.485125 0.040789 0.041278
0 0.379844 0.513722 0.046563 0.063222
0 0.275086 0.465569 0.037656 0.030417
0 0.269539 0.439111 0.033906 0.021944
0 0.462164 0.522014 0.059203 0.069778
0 0.237547 0.444111 0.035547 0.021667
0 0.190477 0.443764 0.011563 0.019028
0 0.231180 0.470708 0.031719 0.034306
0 0.174824 0.377653 0.065242 0.070194
0 0.226305 0.407847 0.019703 0.018000
0 0.254957 0.401889 0.023320 0.021556
0 0.990824 0.642319 0.018023 0.057972
